##tensoes vpro

 x1 = [0,0.833,	1.667,	2.5,	3.333,	4.167,	5,	5.833	,6.667,	7.5	,8.333	,9.167,10,	10.833,
              	11.667,	12.5,	13.333,	14.167,	15,	15.833,	16.667,17.5,	18.333,	19.167,	20,	20.833,
                    	21.667,22.5,	23.333,	24.167,	25,	25.833,	26.667,	27.5,	28.333,	29.167,	30]

f_0 = [97.66,	97.66,	97.66,	97.66,	97.66,	97.66,	97.66,	97.66,	97.66,	97.66,	97.66,	97.66,	97.66,	97.66,	97.66,	97.66,	97.66,	97.66,	97.66,	97.66,	97.66,	97.66,	97.66,	97.66,	97.66,	97.66,	97.66,	97.66,	97.66,	97.66,	97.66,	97.66,	97.66,	97.66,	97.66,	97.66,	97.66]

"f_inf" : [90.98, 90.88, 90.65,	89.26, 87.99, 87.11, 85.55,	82.76, 79.75, 76.41, 73.28,
        	70.26, 67.87, 67.87, 65.56, 63.75,	62.16, 60.26, 58.31, 56.47,	54.74, 53.22, 51.72, 50.4,
            48.96, 47.24, 47.24, 45.23, 43.06, 40.83, 38.58, 36.85, 35.47,	34.78, 34.33, 33.7,	33.07, 32.95,32.9
        ]

#ELS_F#

vpro_sup = [-1.01,	-1.42,	-1.73,	-1.94,	-1.7,	-0.82,	0.11,	0.53,	0.43,	-0.24,	-1.37,
              	-1.77,	-1.45,	-1.65,	-1.45,	-0.83,	-0.17,	0.19,	0.3,	0.18,	-0.12,
                    	-0.6,	-0.97,	-0.92,	-0.48,	-0.79,	-0.65,	-0.18,	-0.04,	-0.18,
                            	-0.49,	-0.92,	-1.25,	-1.27,	-1.05,	-0.75,	-0.37]
        
        vpro_inf = [-1.01,	-0.6,	-0.28,	-0.04,	-0.26,	-1.12,	-2.01,	-2.37,	-2.2,	-1.46,	-0.26,
                    	0.21,	-0.06,	0.2,	0.03,	-0.55,	-1.17,-1.48,	-1.55,	-1.4,	-1.06,	-0.54,
                        -0.15,	-0.17,	-0.57,	-0.21,	-0.31,	-0.73,	-0.82,	-0.64,	-0.3,	0.15,	0.49,
                            	0.52,	0.32,	0.02,	-0.37]

########################################################################################################################

#ELS_D#

vpro_sup =[-1.01,-1.41,	-1.73,	-1.93,	-1.69,	-0.81,0.12,	0.54,	0.44,-0.24,	
               -1.37,	-1.78,	-1.46,	-1.66,	-1.45,	-0.83,	-0.17,	0.19,	0.3,
                   	0.19,	-0.12,	-0.61,	-0.97,	-0.92,	-0.5, -0.8,	-0.65,	-0.18,
                        	-0.03,	-0.17,	-0.48,	-0.91,	-1.24, -1.26,	-1.05,	-0.75,	-0.37]

        vpro_inf = [-1.01,	-0.61,	-0.29,-0.05,	-0.27,	-1.13,	-2.02,	-2.38,	-2.21,	-1.46,
                    -0.26,	0.22,	-0.04,	0.2,	0.04,	-0.55,	-1.17,	-1.48,	-1.55,	-1.4,
                        -1.06,	-0.54,	-0.15,	-0.16,	-0.55,	-0.21,	-0.3,	-0.73,	-0.82,
                                -0.65,	-0.31,	0.14,	0.48,	0.51,	0.31,	0.02,	-0.37]
########################################################################################################################

#ELU_ATO#

vpro_sup = [-1.19,	-1.52,	-1.78,	-1.94,-1.61,	-0.57,	0.49,	0.91,	0.7,	-0.19,	-1.59,
            -2.19,	-2,	-2.06,	-1.71,	-0.93,	-0.14,	0.29,	0.43,	0.29,	-0.08,	-0.69,	-1.18,	-1.25,
            -0.93,	-1.08,	-0.77,	-0.12,	0.14, 0.06,	-0.24,	-0.69,	-1.07,	-1.12,	-0.95,	-0.71,	-0.4]
        
        vpro_inf = [-1.19,	-0.86,	-0.6, -0.39,	-0.69,	-1.7,	-2.7,	-3.03,	-2.73,	-1.74,	-0.23,	0.45,
                   	0.34,	0.46,	0.15,	-0.58,	-1.33,	-1.72,	-1.81,	-1.63,	-1.22,	-0.58,	-0.05,	0.06,
                        	-0.23,	-0.03,	-0.29,	-0.88,	-1.08,	-0.96,	-0.63,	-0.16,	0.23,	0.3,	0.14,
                                	-0.1,	-0.4]