
x = [0.1,	0.766666667	1.433333333,	2.1,	2.766666667,	3.433333333,	4.1,
	4.766666667,	5.433333333,	6.1,	6.766666667,	7.433333333,	8.1,
	8.766666667,	9.433333333,	10.1,	10.76666667,	11.43333333,	12.1,
	12.76666667,	13.43333333,	14.1,	14.76666667,	15.43333333,	16.1]

--------------------------------------------------------------------------------------------
ELS-F
vpro_sup = [-1.49,	-0.81,	-0.3,	0.04,	0.21,	0.21,	0.03,	-0.32,	-0.83,	-1.5,
 	-2.34,	-3.35,	-4.53,	-3.35,	-2.34,	-1.5,	-0.83,	-0.3,	0.03,	0.21,	0.21,
		0.04,	-0.3,	-0.81,	-1.49]

vpro_inf = [-1.49,	-2.17,	-2.68,	-3.02,	-3.19,	-3.19,	-3.01,	-2.66,	-2.15,	-1.48,
	-0.64,	0.37,	1.55,	0.37,	-0.64,	-1.48,	-2.15,	-2.66	-3.01,	-3.19,	-3.19,
		-3.02,	-2.6,8	-2.17	-1.49]
------------------------------------------------------------------------------------------------

ELS-D 
vpro_sup =[-1.49,	-0.81,	-0.3,	0.04,	0.21,	0.21,	0.03,	-0.32,	-0.83,	-1.5,	-2.34,
	-3.35,	-4.53,	-3.35,	-2.34	-1.5,	-0.83,	-0.32,	0.03,	0.21,	0.21,	0.04,	-0.3,
		-0.81,	-1.49]

vpro_inf = [-1.49,	-2.17,	-2.68,	-3.02,	-3.19,	-3.19,	-3.01	-2.66,	-2.15, -1.48,	-0.64,
	0.37,	1.55,	0.37,	-0.64,	-1.48,	-2.15,	-2.66,	-3.01,	-3.19,	-3.19,	-3.02	,
	-2.68,	-2.17,	-1.49]
-----------------------------------------------------------------------------------------------------------

ELU-ATO 
vpro_sup = [-1.64,	-0.89,	-0.33,	0.04,	0.23,	0.23,	0.03,	-0.35,	-0.91,	-1.65,	-2.57,
	-3.69	-4.98,	-3.69,	-2.57,	-1.65,	-0.91,	-0.35,	0.03,	0.23,	0.23,	0.04,	-0.33,
		-0.89,	-1.64]

vpro_inf = [-1.64,	-2.39,	-2.95,	-3.32,	-3.51,	-3.51,	-3.31,	-2.93,	-2.37,	-1.63,	-0.7,
	0.41,	1.71,	0.41,	-0.7,	-1.63,	-2.37,	-2.93,	-3.31,	-3.51,	-3.51,	-3.32,	-2.95,
		-2.39,	-1.64]